TPAR
20230101.000000 1.6363 7.5035 95.98 30.00
20230101.060000 1.6671 7.6264 93.59 30.00
20230101.120000 1.7074 7.7086 93.28 30.00
20230101.180000 1.7412 7.8306 93.80 30.00
20230102.000000 1.7280 7.9687 94.75 30.00
20230102.060000 1.7454 7.8370 95.02 30.00
20230102.120000 1.7723 7.6535 93.70 30.00
20230102.180000 1.7592 7.6093 93.26 30.00
20230103.000000 1.8705 7.4503 93.16 30.00
20230103.060000 1.8086 7.2546 93.41 30.00
20230103.120000 1.7101 7.2655 94.86 30.00
20230103.180000 1.6145 7.3944 97.19 30.00
