TPAR
20230101.000000 1.5840 7.0323 102.72 30.00
20230101.060000 1.6175 7.1609 99.50 30.00
20230101.120000 1.6611 7.3299 98.97 30.00
20230101.180000 1.7178 7.4643 99.16 30.00
20230102.000000 1.7101 7.5844 99.53 30.00
20230102.060000 1.7044 7.4980 99.79 30.00
20230102.120000 1.6893 7.4559 98.45 30.00
20230102.180000 1.6895 7.4015 98.07 30.00
20230103.000000 1.7991 7.2568 96.79 30.00
20230103.060000 1.7647 7.1018 95.21 30.00
20230103.120000 1.7145 7.2516 96.96 30.00
20230103.180000 1.6077 7.3702 99.49 30.00
